20130520 005200 2013.00 5.00 20.00 0.00 53272.00 42.45 112.38 1104.90 999999.00 1.00 2020019.00 2.00 
20130520 090800 2013.00 5.00 20.00 0.00 53289.00 42.23 113.83 1322.10 1322.80 1.00 2029999.00 10.00 
20130520 090800 2013.00 5.00 20.00 0.00 53289.00 42.23 113.83 1322.10 1322.80 1.00 2020011.00 13.00 
20130520 072500 2013.00 5.00 20.00 0.00 54102.00 43.95 116.12 1003.00 999999.00 1.00 2020019.00 13.00 
20130520 072500 2013.00 5.00 20.00 0.00 54102.00 43.95 116.12 1003.00 999999.00 1.00 2040001.00 7.00 
20130520 072500 2013.00 5.00 20.00 0.00 54102.00 43.95 116.12 1003.00 999999.00 1.00 2020018.00 3.00 
20130520 072500 2013.00 5.00 20.00 0.00 54102.00 43.95 116.12 1003.00 999999.00 1.00 2040002.00 9.00 
20130520 072500 2013.00 5.00 20.00 0.00 54102.00 43.95 116.12 1003.00 999999.00 1.00 2040003.00 11.00 
20130520 072500 2013.00 5.00 20.00 0.00 54102.00 43.95 116.12 1003.00 999999.00 1.00 2029999.00 13.00 
20130521 000000 2013.00 5.00 20.00 0.00 50928.00 45.07 120.33 628.30 999999.00 1.00 2029999.00 23.00 
20130521 000000 2013.00 5.00 20.00 0.00 50928.00 45.07 120.33 628.30 999999.00 1.00 2020011.00 10.00 
20130521 000000 2013.00 5.00 20.00 0.00 50928.00 45.07 120.33 628.30 999999.00 1.00 2049999.00 7.00 
20130521 010000 2013.00 5.00 20.00 0.00 52943.00 35.58 99.98 3324.30 3324.00 1.00 2029999.00 7.00 
20130521 010000 2013.00 5.00 20.00 0.00 52943.00 35.58 99.98 3324.30 3324.00 1.00 2020024.00 15.00 
20130521 010000 2013.00 5.00 20.00 0.00 52943.00 35.58 99.98 3324.30 3324.00 1.00 2020011.00 6.00 
20130521 013002 2013.00 5.00 20.00 0.00 51437.00 43.08 81.08 1851.00 999999.00 1.00 2019999.00 15.00 
20130521 013003 2013.00 5.00 20.00 0.00 51711.00 40.93 78.45 1985.10 1985.00 1.00 2029999.00 28.00 
20130521 013003 2013.00 5.00 20.00 0.00 51711.00 40.93 78.45 1985.10 1985.00 1.00 2049999.00 5.00 
20130521 013003 2013.00 5.00 20.00 0.00 51711.00 40.93 78.45 1985.10 1985.00 1.00 2040004.00 3.00 
20130521 013001 2013.00 5.00 20.00 0.00 51469.00 43.45 87.18 1941.00 192.80 1.00 2019999.00 14.00 
20130521 013001 2013.00 5.00 20.00 0.00 51469.00 43.45 87.18 1941.00 192.80 1.00 2029999.00 18.00 
20130521 013001 2013.00 5.00 20.00 0.00 51469.00 43.45 87.18 1941.00 192.80 1.00 2049999.00 15.00 
20130521 013001 2013.00 5.00 20.00 0.00 51469.00 43.45 87.18 1941.00 192.80 1.00 2999999.00 15.00 
20130521 013001 2013.00 5.00 20.00 0.00 52101.00 43.37 93.03 1677.20 999999.00 1.00 2029999.00 7.00 
20130521 013001 2013.00 5.00 20.00 0.00 52101.00 43.37 93.03 1677.20 999999.00 1.00 2020011.00 8.00 
20130521 013001 2013.00 5.00 20.00 0.00 52101.00 43.37 93.03 1677.20 999999.00 1.00 2039999.00 6.00 
20130521 000000 2013.00 5.00 20.00 0.00 53644.00 38.60 108.83 1307.20 999999.00 1.00 2020019.00 10.00 
20130521 000000 2013.00 5.00 20.00 0.00 53644.00 38.60 108.83 1307.20 999999.00 1.00 2049999.00 4.00 
20130521 000000 2013.00 5.00 20.00 0.00 53644.00 38.60 108.83 1307.20 999999.00 1.00 2019999.00 4.00 
20130520 000000 2013.00 5.00 20.00 0.00 53195.00 43.87 113.63 1036.70 999999.00 1.00 2029999.00 7.00 
20130520 000000 2013.00 5.00 20.00 0.00 53195.00 43.87 113.63 1036.70 999999.00 1.00 2049999.00 3.00 
20130520 040050 2013.00 5.00 20.00 0.00 50936.00 45.63 122.83 155.30 999999.00 1.00 2029999.00 17.00 
20130520 000000 2013.00 5.00 20.00 0.00 50525.00 49.15 119.75 620.80 620.80 1.00 2029999.00 7.00 
20130520 000000 2013.00 5.00 20.00 0.00 50525.00 49.15 119.75 620.80 620.80 1.00 2019999.00 2.00 
20130520 000000 2013.00 5.00 20.00 0.00 50525.00 49.15 119.75 620.80 620.80 1.00 2040001.00 3.00 
20130520 000000 2013.00 5.00 20.00 0.00 50525.00 49.15 119.75 620.80 620.80 1.00 2020011.00 5.00 
20130521 000600 2013.00 5.00 20.00 0.00 52681.00 38.63 103.08 1367.50 999999.00 1.00 2999999.00 1.00 
20130521 002103 2013.00 5.00 20.00 0.00 56074.00 34.00 102.08 3471.40 3471.20 1.00 2029999.00 8.00 
20130521 003500 2013.00 5.00 20.00 0.00 50425.00 50.25 120.18 581.40 582.30 1.00 2029999.00 2.00 
20130521 013002 2013.00 5.00 20.00 0.00 51437.00 43.08 81.08 1851.00 999999.00 1.00 2029999.00 10.00 
20130520 015700 2013.00 5.00 20.00 0.00 50913.00 45.72 118.80 867.30 999999.00 1.00 2029999.00 9.00 
20130520 015704 2013.00 5.00 20.00 0.00 53821.00 36.58 107.30 1256.00 0.00 1.00 2010003.00 53.00 
20130520 165800 2013.00 5.00 20.00 0.00 56079.00 33.58 102.97 3441.10 3442.60 1.00 2039999.00 7.00 
20130520 165800 2013.00 5.00 20.00 0.00 56079.00 33.58 102.97 3441.10 3442.60 1.00 2029999.00 7.00 
20130520 080000 2013.00 5.00 20.00 0.00 56065.00 34.73 101.60 3500.00 3500.80 1.00 2029999.00 5.00 
20130520 080000 2013.00 5.00 20.00 0.00 56065.00 34.73 101.60 3500.00 3500.80 1.00 2039999.00 4.00 
20130520 080000 2013.00 5.00 20.00 0.00 56065.00 34.73 101.60 3500.00 3500.80 1.00 2049999.00 1.00 
20130520 114700 2013.00 5.00 20.00 0.00 52852.00 36.95 100.85 3140.00 999999.00 1.00 2029999.00 7.00 
20130520 114700 2013.00 5.00 20.00 0.00 52852.00 36.95 100.85 3140.00 999999.00 1.00 2030001.00 3.00 
20130520 114700 2013.00 5.00 20.00 0.00 52852.00 36.95 100.85 3140.00 999999.00 1.00 2049999.00 2.00 
20130520 114700 2013.00 5.00 20.00 0.00 52852.00 36.95 100.85 3140.00 999999.00 1.00 2020026.00 4.00 
20130520 132900 2013.00 5.00 20.00 0.00 53505.00 37.88 105.40 1380.70 999999.00 1.00 2060001.00 7.00 
20130520 132900 2013.00 5.00 20.00 0.00 53505.00 37.88 105.40 1380.70 999999.00 1.00 2070001.00 2.00 
20130521 004106 2013.00 5.00 20.00 0.00 56080.00 35.00 102.90 2910.50 2911.20 1.00 2029999.00 16.00 
20130521 004106 2013.00 5.00 20.00 0.00 56080.00 35.00 102.90 2910.50 2911.20 1.00 2020011.00 20.00 
20130521 000000 2013.00 5.00 20.00 0.00 53384.00 41.43 113.18 1424.50 999999.00 1.00 2029999.00 4.00 
20130521 000000 2013.00 5.00 20.00 0.00 53384.00 41.43 113.18 1424.50 999999.00 1.00 2020019.00 4.00 
20130521 000000 2013.00 5.00 20.00 0.00 53384.00 41.43 113.18 1424.50 999999.00 1.00 2020023.00 3.00 
