50136
50137
50246
50247
50349
50353
50425
50431
50434
50442
50445
50468
50514
50524
50525
50526
50527
50548
50557
50564
50566
50603
50618
50632
50639
50645
50646
50647
50655
50656
50658
50659
50673
50674
50727
50739
50741
50742
50745
50749
50750
50755
50756
50758
50767
50772
50774
50775
50776
50778
50779
50787
50788
50832
50833
50834
50838
50842
50844
50850
50851
50852
50853
50854
50858
50859
50861
50862
50867
50871
50873
50877
50878
50879
50880
50884
50888
50892
50913
50915
50924
50928
50934
50936
50937
50939
50940
50945
50946
50948
50949
50950
50953
50954
50955
50956
50958
50960
50962
50963
50964
50965
50968
50971
50973
50978
50979
50983
50985
50987
51053
51058
51059
51060
51068
51076
51087
51133
51137
51145
51156
51186
51232
51238
51241
51243
51288
51328
51329
51330
51334
51346
51352
51353
51356
51357
51358
51359
51365
51367
51368
51369
51377
51378
51379
51430
51431
51433
51434
51435
51436
51437
51438
51463
51465
51467
51468
51469
51470
51477
51482
51495
51526
51542
51559
51567
51568
51571
51572
51573
51581
51627
51628
51629
51633
51636
51639
51642
51644
51655
51656
51701
51704
51705
51707
51708
51709
51711
51716
51717
51720
51722
51730
51747
51765
51777
51802
51804
51810
51811
51814
51815
51818
51826
51827
51828
51829
51839
51855
51886
51931
52101
52112
52118
52203
52267
52313
52323
52378
52418
52424
52436
52446
52447
52495
52515
52533
52546
52557
52575
52576
52602
52607
52633
52643
52645
52652
52656
52657
52661
52674
52679
52681
52707
52713
52737
52745
52754
52765
52784
52787
52797
52818
52825
52833
52836
52842
52853
52854
52855
52856
52862
52863
52866
52868
52869
52874
52875
52876
52877
52884
52885
52889
52895
52896
52908
52941
52943
52955
52957
52963
52968
52972
52974
52978
52980
52981
52982
52983
52984
52985
52986
52988
52993
52995
52996
52998
53068
53083
53149
53192
53195
53231
53272
53276
53289
53324
53336
53337
53343
53348
53352
53357
53362
53367
53368
53378
53384
53385
53391
53392
53397
53399
53419
53420
53433
53446
53455
53457
53463
53464
53466
53467
53469
53472
53475
53478
53480
53481
53483
53484
53486
53487
53488
53490
53491
53492
53498
53499
53502
53505
53512
53513
53517
53518
53519
53522
53529
53533
53543
53545
53547
53553
53562
53564
53565
53567
53573
53574
53575
53576
53577
53578
53579
53580
53582
53584
53585
53588
53590
53593
53594
53596
53599
53602
53603
53610
53611
53612
53614
53615
53617
53618
53619
53644
53646
53651
53658
53659
53660
53662
53663
53664
53665
53666
53669
53673
53674
53676
53677
53678
53679
53680
53681
53682
53685
53687
53688
53689
53690
53691
53692
53693
53694
53695
53696
53697
53698
53699
53704
53705
53707
53723
53725
53727
53730
53732
53735
53738
53740
53748
53750
53751
53753
53754
53756
53757
53759
53760
53763
53764
53767
53768
53769
53770
53771
53772
53773
53774
53775
53776
53777
53778
53780
53781
53782
53783
53784
53785
53786
53787
53788
53789
53790
53791
53792
53794
53795
53796
53797
53798
53799
53806
53810
53817
53821
53829
53832
53841
53845
53848
53850
53852
53853
53854
53856
53857
53859
53860
53861
53862
53863
53864
53865
53866
53868
53869
53871
53872
53873
53874
53875
53877
53878
53879
53880
53881
53882
53883
53884
53885
53886
53888
53889
53890
53891
53892
53893
53894
53895
53896
53897
53898
53899
53903
53906
53908
53910
53914
53915
53916
53917
53923
53924
53925
53926
53927
53928
53929
53930
53931
53934
53935
53937
53938
53941
53942
53944
53945
53946
53947
53948
53949
53950
53953
53954
53955
53956
53957
53958
53959
53961
53962
53963
53964
53965
53966
53967
53968
53970
53972
53973
53974
53975
53976
53978
53979
53980
53981
53982
53983
53984
53985
53986
53987
53988
53989
53991
53992
53993
53994
53995
53996
53997
53998
54012
54024
54026
54027
54031
54039
54041
54047
54049
54063
54064
54065
54069
54072
54076
54080
54092
54093
54094
54096
54098
54099
54102
54113
54115
54117
54122
54132
54134
54135
54142
54154
54155
54156
54157
54161
54164
54165
54169
54171
54172
54181
54186
54187
54192
54195
54204
54205
54208
54213
54214
54218
54223
54225
54226
54231
54234
54236
54237
54243
54244
54245
54248
54249
54252
54254
54259
54260
54261
54263
54266
54267
54273
54274
54276
54279
54284
54285
54286
54287
54290
54291
54292
54293
54301
54304
54305
54308
54311
54313
54316
54318
54319
54320
54321
54323
54324
54325
54326
54327
54328
54330
54331
54332
54333
54334
54335
54336
54337
54338
54339
54340
54342
54345
54346
54347
54348
54349
54351
54353
54362
54363
54365
54371
54374
54377
54386
54398
54399
54401
54404
54405
54406
54408
54410
54412
54416
54419
54420
54421
54423
54424
54425
54428
54429
54430
54431
54432
54433
54434
54436
54437
54438
54439
54449
54452
54453
54454
54455
54470
54471
54472
54474
54475
54476
54483
54486
54493
54494
54497
54499
54501
54502
54503
54505
54506
54507
54510
54511
54512
54513
54514
54515
54517
54518
54519
54520
54521
54522
54523
54525
54526
54527
54528
54529
54530
54531
54532
54533
54534
54535
54539
54540
54541
54563
54568
54569
54575
54579
54584
54590
54594
54596
54597
54601
54602
54603
54604
54605
54606
54607
54608
54609
54610
54611
54612
54613
54614
54615
54616
54617
54618
54619
54620
54621
54622
54623
54624
54626
54627
54628
54631
54632
54633
54636
54640
54644
54645
54646
54660
54662
54700
54701
54702
54703
54704
54705
54706
54707
54708
54709
54710
54711
54712
54713
54714
54715
54716
54717
54718
54719
54722
54723
54724
54725
54726
54727
54728
54729
54730
54731
54732
54734
54736
54737
54738
54744
54749
54751
54752
54753
54755
54759
54764
54765
54766
54774
54776
54777
54778
54800
54801
54802
54803
54804
54805
54806
54807
54808
54809
54810
54811
54812
54814
54815
54816
54817
54818
54819
54820
54821
54822
54823
54824
54825
54826
54827
54828
54829
54830
54831
54832
54833
54834
54835
54836
54837
54841
54842
54843
54844
54846
54848
54849
54851
54852
54853
54855
54857
54861
54863
54871
54900
54901
54902
54903
54904
54905
54906
54907
54908
54909
54910
54911
54912
54913
54914
54915
54916
54917
54918
54919
54920
54921
54922
54923
54925
54927
54929
54932
54935
54936
54938
54939
54940
54943
54945
55228
55248
55279
55294
55299
55437
55472
55493
55569
55572
55578
55585
55589
55591
55593
55597
55598
55655
55664
55680
55681
55690
55696
55773
56004
56016
56018
56021
56029
56033
56034
56038
56043
56045
56046
56065
56067
56071
56074
56079
56080
56081
56082
56084
56091
56092
56093
56094
56095
56096
56097
56106
56109
56116
56125
56128
56137
56144
56146
56147
56151
56152
56158
56164
56167
56168
56171
56172
56173
56178
56180
56181
56182
56183
56184
56185
56186
56187
56188
56189
56190
56192
56193
56194
56195
56196
56197
56198
56199
56202
56223
56227
56228
56247
56251
56257
56263
56267
56272
56273
56276
56278
56279
56280
56281
56284
56285
56286
56287
56288
56289
56290
56291
56295
56296
56297
56298
56307
56312
56317
56331
56342
56357
56371
56373
56374
56376
56378
56380
56381
56382
56383
56384
56385
56386
56387
56389
56390
56391
56393
56394
56395
56396
56399
56434
56441
56443
56444
56459
56462
56473
56474
56475
56478
56479
56480
56483
56485
56487
56489
56490
56491
56492
56493
56494
56496
56497
56498
56499
56533
56543
56548
56565
56567
56569
56571
56575
56578
56580
56582
56584
56585
56586
56592
56593
56594
56595
56596
56598
56641
56643
56645
56646
56649
56651
56652
56654
56664
56665
56666
56669
56670
56671
56673
56674
56675
56684
56688
56691
56693
56697
56739
56742
56745
56746
56748
56751
56752
56755
56756
56757
56761
56763
56764
56766
56767
56768
56772
56774
56775
56777
56778
56781
56782
56783
56785
56786
56788
56790
56792
56793
56835
56836
56838
56839
56840
56841
56842
56843
56844
56846
56849
56851
56854
56856
56862
56863
56867
56869
56870
56871
56872
56873
56875
56876
56878
56879
56880
56881
56882
56883
56885
56886
56889
56891
56898
56944
56946
56948
56949
56950
56951
56952
56954
56958
56959
56961
56962
56964
56966
56969
56970
56973
56975
56976
56977
56978
56982
56984
56985
56986
56987
56989
56991
56992
56994
56995
56996
57001
57002
57003
57004
57006
57007
57008
57011
57012
57014
57016
57020
57021
57022
57023
57024
57025
57026
57027
57028
57029
57030
57031
57032
57033
57034
57035
57036
57037
57038
57039
57040
57041
57042
57043
57044
57045
57046
57047
57048
57049
57051
57052
57053
57054
57055
57056
57057
57060
57061
57063
57065
57066
57067
57070
57071
57072
57074
57075
57076
57077
57078
57079
57080
57081
57082
57083
57084
57085
57086
57087
57088
57089
57090
57091
57093
57094
57095
57096
57098
57099
57102
57105
57106
57110
57111
57113
57119
57123
57124
57126
57127
57128
57129
57131
57132
57134
57137
57140
57143
57144
57153
57154
57155
57156
57162
57169
57173
57175
57176
57177
57178
57179
57180
57181
57182
57183
57184
57185
57186
57187
57188
57189
57190
57191
57192
57193
57194
57195
57196
57197
57198
57204
57206
57208
57211
57213
57216
57217
57231
57232
57233
57237
57238
57242
57245
57247
57248
57249
57251
57253
57254
57256
57257
57259
57260
57261
57265
57268
57271
57273
57274
57278
57279
57281
57285
57290
57292
57293
57294
57295
57296
57297
57298
57299
57303
57304
57306
57307
57308
57309
57313
57314
57315
57317
57318
57320
57324
57326
57328
57329
57333
57338
57339
57343
57345
57348
57349
57355
57358
57359
57361
57362
57363
57368
57370
57377
57378
57381
57385
57386
57387
57388
57389
57390
57395
57396
57398
57399
57401
57402
57405
57407
57408
57409
57411
57413
57414
57415
57416
57417
57420
57425
57426
57431
57432
57437
57438
57439
57445
57447
57453
57458
57460
57461
57462
57464
57465
57466
57469
57475
57476
57477
57481
57482
57483
57485
57486
57489
57491
57492
57493
57494
57495
57496
57498
57499
57502
57503
57505
57506
57507
57508
57509
57510
57511
57512
57513
57514
57516
57517
57518
57519
57520
57522
57523
57525
57536
57537
57540
57541
57543
57544
57545
57554
57558
57562
57564
57565
57566
57571
57573
57574
57575
57577
57581
57582
57583
57584
57585
57586
57589
57590
57595
57596
57598
57600
57603
57604
57605
57606
57608
57609
57612
57614
57623
57625
57633
57634
57635
57636
57637
57640
57642
57643
57646
57647
57649
57655
57657
57658
57661
57662
57663
57666
57669
57671
57673
57674
57678
57679
57680
57682
57687
57688
57694
57696
57698
57699
57707
57708
57710
57712
57713
57714
57717
57718
57719
57720
57722
57723
57728
57729
57731
57732
57734
57735
57736
57737
57738
57739
57740
57741
57742
57743
57744
57745
57749
57752
57754
57758
57760
57761
57762
57763
57766
57767
57768
57769
57771
57772
57773
57774
57776
57777
57778
57779
57780
57781
57786
57789
57792
57793
57796
57798
57799
57800
57803
57805
57806
57807
57808
57809
57811
57813
57814
57816
57818
57821
57822
57824
57825
57827
57828
57829
57832
57834
57835
57837
57839
57840
57841
57842
57844
57845
57846
57851
57853
57857
57859
57860
57865
57866
57867
57868
57870
57871
57872
57874
57875
57876
57881
57882
57883
57886
57887
57889
57891
57894
57895
57896
57899
57900
57902
57903
57905
57906
57907
57908
57909
57910
57911
57912
57913
57914
57915
57916
57921
57922
57923
57926
57927
57932
57936
57941
57942
57947
57948
57949
57954
57955
57956
57957
57958
57960
57962
57964
57965
57966
57969
57971
57972
57973
57974
57975
57976
57978
57981
57985
57988
57989
57990
57991
57992
57993
57994
57995
57996
58001
58002
58003
58004
58005
58006
58007
58008
58011
58012
58013
58015
58016
58017
58020
58021
58022
58024
58025
58026
58027
58030
58032
58034
58035
58036
58038
58040
58041
58044
58045
58047
58048
58049
58100
58101
58102
58104
58107
58108
58109
58111
58112
58113
58114
58116
58117
58118
58122
58125
58126
58127
58128
58129
58130
58131
58132
58135
58138
58139
58140
58141
58143
58145
58146
58147
58148
58150
58154
58158
58202
58203
58205
58207
58208
58210
58212
58214
58215
58220
58221
58222
58223
58224
58225
58230
58234
58235
58236
58237
58238
58240
58241
58242
58243
58244
58245
58246
58247
58249
58250
58251
58252
58254
58255
58257
58259
58264
58265
58268
58269
58301
58306
58311
58314
58316
58317
58319
58320
58321
58323
58326
58327
58329
58330
58331
58334
58335
58336
58337
58338
58339
58340
58341
58342
58343
58344
58345
58346
58349
58351
58352
58353
58354
58356
58358
58359
58360
58361
58362
58365
58366
58367
58369
58370
58377
58401
58402
58404
58407
58408
58409
58414
58415
58416
58417
58418
58419
58420
58421
58423
58424
58426
58427
58428
58429
58431
58432
58433
58435
58436
58437
58438
58441
58442
58443
58446
58448
58449
58450
58451
58452
58453
58454
58455
58456
58457
58458
58459
58460
58461
58462
58463
58464
58467
58468
58472
58474
58477
58484
58500
58501
58502
58503
58506
58507
58508
58509
58510
58512
58514
58517
58519
58520
58523
58527
58529
58530
58531
58534
58537
58542
58543
58544
58546
58547
58548
58549
58550
58553
58555
58556
58557
58558
58559
58562
58563
58565
58566
58567
58568
58569
58570
58599
58600
58601
58602
58605
58606
58607
58608
58609
58612
58614
58615
58616
58618
58619
58620
58622
58623
58624
58625
58626
58627
58629
58631
58632
58633
58634
58635
58637
58642
58643
58644
58646
58647
58652
58654
58656
58657
58658
58659
58660
58664
58665
58666
58667
58693
58696
58701
58704
58705
58706
58707
58710
58712
58713
58714
58715
58718
58719
58724
58725
58730
58731
58734
58735
58736
58737
58742
58744
58745
58746
58747
58748
58749
58750
58751
58752
58754
58760
58804
58806
58813
58814
58818
58819
58820
58821
58822
58823
58824
58826
58828
58834
58836
58837
58839
58843
58844
58845
58846
58847
58848
58850
58903
58905
58906
58907
58911
58912
58917
58918
58921
58923
58926
58927
58928
58929
58931
58932
58933
58934
58935
58936
58938
58940
58941
58942
58944
58946
59001
59004
59007
59012
59015
59017
59021
59022
59023
59025
59027
59031
59033
59034
59037
59038
59041
59044
59045
59046
59047
59051
59052
59053
59055
59057
59058
59059
59061
59063
59064
59065
59071
59072
59074
59075
59081
59082
59087
59088
59090
59091
59092
59093
59094
59096
59097
59099
59102
59106
59107
59109
59113
59114
59116
59117
59122
59124
59125
59126
59127
59129
59130
59131
59133
59134
59137
59205
59209
59211
59213
59215
59218
59224
59227
59228
59229
59230
59235
59237
59238
59241
59242
59246
59249
59254
59255
59256
59264
59265
59266
59268
59269
59270
59271
59276
59278
59279
59280
59284
59285
59287
59288
59289
59290
59293
59294
59297
59298
59303
59304
59306
59310
59312
59313
59314
59315
59316
59317
59318
59319
59320
59321
59322
59324
59417
59419
59421
59425
59426
59427
59429
59431
59432
59435
59441
59446
59448
59449
59451
59452
59453
59454
59456
59457
59462
59469
59470
59471
59473
59475
59476
59477
59478
59480
59481
59485
59487
59488
59492
59493
59500
59501
59502
59626
59631
59632
59635
59640
59644
59647
59650
59653
59654
59655
59656
59658
59659
59663
59664
59673
59750
59754
59757
59758
59838
59842
59843
59845
59847
59848
59849
59851
59854
59855
59856
59940
59941
59945
59948
59951
59954
59981
59985
