 50956.000000  45.880001  126.570000  128.300003  999999.000000  2013.000000  8.000000  26.000000  1.000000  0.000000  0.000000  2225.000000  2.000000  100.000000  0.000000  130.000000  45.000000  7.000000  148.000000  0.000000  134.000000  120.000000  1.000000  0.000000  0.000000  0.000000  9.780000  10.340000  182.648407  0.000000  0.000000  0.000000  0.000000  0.000000  0.000000  1059.500000  0.000000  54.220001  45.840000  0.000000  360.000000  0.000000  9.500000  5.500000  4.600000 

 51462.000000  43.849998  87.550003  849.000000  999999.000000  2013.000000  8.000000  26.000000  1.000000  0.000000  0.000000  2225.000000  2.000000  100.000000  0.000000  130.000000  56.000000  136.000000  192.000000  0.000000  47.000000  114.000000  1.000000  0.000000  0.000000  0.000000  9.820000  10.990000  179.533203  2.639000  0.049000  2.391000  0.000000  0.000000  0.000000  922.489990  0.000000  19.959999  18.010000  0.000000  360.000000  0.000000  4.500000  3.000000  2.500000 

 51747.000000  38.970001  83.650002  1099.300049  999999.000000  2013.000000  8.000000  26.000000  1.000000  0.000000  0.000000  2225.000000  999999.000000  999999.000000  999999.000000  999999.000000  999999.000000  999999.000000  999999.000000  999999.000000  999999.000000  999999.000000  999999.000000  999999.000000  999999.000000  999999.000000  999999.000000  999999.000000  999999.000000  999999.000000  999999.000000  999999.000000  999999.000000  999999.000000  999999.000000  999999.000000  999999.000000  999999.000000  999999.000000  999999.000000  999999.000000  999999.000000  1200.199951  999999.000000  999999.000000 

 52203.000000  42.820000  93.519997  737.200012  999999.000000  2013.000000  8.000000  26.000000  1.000000  0.000000  0.000000  2225.000000  999999.000000  999999.000000  999999.000000  999999.000000  999999.000000  999999.000000  999999.000000  999999.000000  999999.000000  999999.000000  999999.000000  999999.000000  999999.000000  999999.000000  999999.000000  999999.000000  999999.000000  999999.000000  999999.000000  999999.000000  999999.000000  999999.000000  999999.000000  999999.000000  999999.000000  999999.000000  999999.000000  999999.000000  999999.000000  999999.000000  245.399994  999999.000000  999999.000000 

 52866.000000  36.619999  101.769997  2261.199951  999999.000000  2013.000000  8.000000  26.000000  1.000000  0.000000  0.000000  2225.000000  999999.000000  999999.000000  999999.000000  999999.000000  999999.000000  999999.000000  999999.000000  999999.000000  999999.000000  999999.000000  999999.000000  999999.000000  999999.000000  999999.000000  999999.000000  999999.000000  999999.000000  999999.000000  999999.000000  999999.000000  999999.000000  999999.000000  999999.000000  999999.000000  999999.000000  999999.000000  999999.000000  999999.000000  999999.000000  999999.000000  999999.000000  85.000000  999999.000000 

 52889.000000  36.049999  103.879997  1517.199951  999999.000000  2013.000000  8.000000  26.000000  1.000000  0.000000  0.000000  2225.000000  2.000000  100.000000  0.000000  130.000000  40.000000  154.000000  127.000000  0.000000  112.000000  133.000000  1.000000  0.000000  0.000000  0.000000  999999.000000  999999.000000  999999.000000  999999.000000  999999.000000  0.000000  999999.000000  999999.000000  0.000000  999999.000000  0.000000  999999.000000  999999.000000  0.000000  360.000000  0.000000  106.900002  60.500000  51.400002 

 53068.000000  43.650002  111.970001  965.900024  999999.000000  2013.000000  8.000000  26.000000  1.000000  0.000000  0.000000  2225.000000  2.000000  100.000000  0.000000  130.000000  46.000000  195.000000  187.000000  0.000000  132.000000  116.000000  1.000000  0.000000  0.000000  0.000000  9.800000  11.550000  173.460495  2.589000  0.081000  2.005000  0.000000  0.000000  0.000000  922.669983  0.000000  58.730000  19.030001  0.000000  360.000000  0.000000  7.000000  4.100000  3.100000 

 53466.000000  40.750000  111.699997  1045.400024  999999.000000  2013.000000  8.000000  26.000000  1.000000  0.000000  0.000000  2225.000000  2.000000  100.000000  0.000000  130.000000  47.000000  4.000000  134.000000  0.000000  110.000000  128.000000  1.000000  0.000000  0.000000  0.000000  9.800000  11.610000  177.935898  0.000000  0.000000  0.000000  0.000000  0.000000  0.000000  934.859985  0.000000  50.230000  49.000000  0.000000  360.000000  0.000000  170.399994  70.300003  51.000000 

 53614.000000  38.470001  106.199997  1110.900024  999999.000000  2013.000000  8.000000  26.000000  1.000000  0.000000  0.000000  2225.000000  2.000000  100.000000  0.000000  130.000000  46.000000  213.000000  133.000000  0.000000  131.000000  122.000000  1.000000  0.000000  0.000000  0.000000  9.830000  11.860000  174.978104  0.000000  0.000000  0.000000  0.000000  0.000000  0.000000  912.479980  0.000000  60.689999  47.040001  0.000000  360.000000  0.000000  76.000000  51.500000  44.500000 

 53647.000000  38.430000  109.199997  1105.000000  999999.000000  2013.000000  8.000000  26.000000  1.000000  0.000000  0.000000  2225.000000  2.000000  100.000000  0.000000  130.000000  45.000000  68.000000  191.000000  0.000000  0.000000  111.000000  1.000000  0.000000  0.000000  0.000000  4.000000  0.000000  176.366806  5.000000  0.000000  2.326000  0.000000  0.000000  0.000000  909.080017  0.000000  0.000000  -2.540000  0.000000  360.000000  0.000000  46.200001  40.700001  36.700001 

 53677.000000  37.930000  112.480003  806.500000  999999.000000  2013.000000  8.000000  26.000000  1.000000  0.000000  0.000000  2225.000000  2.000000  100.000000  0.000000  130.000000  59.000000  12.000000  138.000000  0.000000  174.000000  131.000000  1.000000  0.000000  0.000000  0.000000  9.810000  11.840000  179.372192  0.000000  0.000000  0.000000  0.000000  0.000000  0.000000  970.429993  0.000000  80.820000  50.490002  0.000000  360.000000  0.000000  112.500000  79.599998  66.500000 

 53772.000000  37.779999  112.550003  778.299988  999999.000000  2013.000000  8.000000  26.000000  1.000000  0.000000  0.000000  2225.000000  999999.000000  999999.000000  999999.000000  999999.000000  999999.000000  999999.000000  999999.000000  999999.000000  999999.000000  999999.000000  999999.000000  999999.000000  999999.000000  999999.000000  999999.000000  999999.000000  999999.000000  999999.000000  999999.000000  999999.000000  999999.000000  999999.000000  999999.000000  999999.000000  999999.000000  999999.000000  999999.000000  999999.000000  999999.000000  999999.000000  227.600006  102.900002  75.500000 

 54161.000000  43.900002  125.220001  236.800003  999999.000000  2013.000000  8.000000  26.000000  1.000000  0.000000  0.000000  2225.000000  2.000000  100.000000  0.000000  130.000000  60.000000  128.000000  198.000000  0.000000  0.000000  117.000000  1.000000  0.000000  0.000000  0.000000  9.800000  11.120000  176.366806  2.589000  0.046000  2.136000  0.000000  0.000000  0.000000  992.530029  0.000000  -0.510000  19.510000  0.000000  360.000000  0.000000  9.400000  4.500000  3.300000 

 54218.000000  42.270000  118.970001  568.000000  999999.000000  2013.000000  8.000000  26.000000  1.000000  0.000000  0.000000  2225.000000  2.000000  100.000000  0.000000  130.000000  45.000000  206.000000  179.000000  0.000000  116.000000  126.000000  1.000000  0.000000  0.000000  0.000000  9.790000  11.130000  194.174805  2.660000  0.029000  2.169000  0.000000  0.000000  0.000000  940.330017  0.000000  50.220001  22.330000  0.000000  360.000000  0.000000  10.800000  4.900000  4.200000 

 54249.000000  999999.000000  999999.000000  999999.000000  999999.000000  2013.000000  8.000000  26.000000  1.000000  0.000000  0.000000  2225.000000  2.000000  100.000000  0.000000  130.000000  50.000000  76.000000  149.000000  0.000000  168.000000  115.000000  1.000000  0.000000  0.000000  0.000000  9.750000  11.990000  176.366806  0.000000  0.000000  0.000000  0.000000  0.000000  0.000000  1029.949951  0.000000  78.919998  44.080002  0.000000  360.000000  0.000000  14.200000  11.200000  9.600000 

 54324.000000  999999.000000  999999.000000  999999.000000  999999.000000  2013.000000  8.000000  26.000000  1.000000  0.000000  0.000000  2225.000000  2.000000  100.000000  0.000000  130.000000  51.000000  15.000000  148.000000  0.000000  106.000000  130.000000  1.000000  0.000000  0.000000  0.000000  9.840000  11.930000  177.935898  0.000000  0.000000  0.000000  0.000000  0.000000  0.000000  1032.170044  0.000000  49.630001  50.160000  0.000000  360.000000  0.000000  30.200001  9.200000  4.400000 

 54339.000000  41.049999  123.000000  77.199997  999999.000000  2013.000000  8.000000  26.000000  1.000000  0.000000  0.000000  2225.000000  2.000000  100.000000  0.000000  130.000000  47.000000  134.000000  197.000000  0.000000  62.000000  117.000000  1.000000  0.000000  0.000000  0.000000  9.780000  10.410000  177.935898  0.000000  0.000000  0.000000  0.000000  0.000000  0.000000  1374.489990  0.000000  25.520000  44.790001  0.000000  360.000000  0.000000  47.000000  37.500000  33.700001 

 54346.000000  41.189999  123.470001  185.399994  999999.000000  2013.000000  8.000000  26.000000  1.000000  0.000000  0.000000  2225.000000  2.000000  100.000000  0.000000  130.000000  49.000000  26.000000  201.000000  0.000000  59.000000  119.000000  1.000000  0.000000  0.000000  0.000000  9.790000  11.160000  176.366806  2.660000  0.039000  2.047000  0.000000  0.000000  0.000000  1028.900024  0.000000  25.500000  19.750000  0.000000  360.000000  0.000000  109.099998  84.199997  67.199997 

 54347.000000  999999.000000  999999.000000  999999.000000  999999.000000  2013.000000  8.000000  26.000000  1.000000  0.000000  0.000000  2225.000000  2.000000  100.000000  0.000000  130.000000  52.000000  213.000000  150.000000  0.000000  165.000000  124.000000  1.000000  0.000000  0.000000  0.000000  9.760000  11.940000  174.825195  0.000000  0.000000  0.000000  0.000000  0.000000  0.000000  1027.780029  0.000000  77.070000  47.279999  0.000000  360.000000  0.000000  40.000000  27.000000  21.500000 

 54398.000000  40.130001  116.620003  28.600000  999999.000000  2013.000000  8.000000  26.000000  1.000000  0.000000  0.000000  2225.000000  2.000000  100.000000  0.000000  130.000000  47.000000  3.000000  215.000000  0.000000  12.000000  144.000000  1.000000  0.000000  0.000000  0.000000  9.790000  11.160000  177.935898  0.000000  0.000000  0.000000  0.000000  0.000000  0.000000  1007.729980  0.000000  4.800000  29.309999  0.000000  360.000000  0.000000  26.900000  15.000000  12.800000 

 54421.000000  40.650002  117.120003  293.000000  999999.000000  2013.000000  8.000000  26.000000  1.000000  0.000000  0.000000  2255.000000  999999.000000  999999.000000  999999.000000  999999.000000  999999.000000  999999.000000  999999.000000  999999.000000  999999.000000  999999.000000  999999.000000  999999.000000  999999.000000  999999.000000  999999.000000  999999.000000  999999.000000  999999.000000  999999.000000  999999.000000  999999.000000  999999.000000  999999.000000  999999.000000  999999.000000  999999.000000  999999.000000  999999.000000  999999.000000  999999.000000  999999.000000  23.000000  999999.000000 

 54433.000000  39.950001  116.500000  35.299999  999999.000000  2013.000000  8.000000  26.000000  1.000000  0.000000  0.000000  2225.000000  1.000000  100.000000  0.000000  130.000000  53.000000  153.000000  205.000000  0.000000  95.000000  152.000000  1.000000  0.000000  0.000000  0.000000  9.810000  10.510000  180.995499  0.000000  0.000000  0.000000  0.000000  0.000000  0.000000  1014.179993  0.000000  38.720001  31.870001  0.000000  360.000000  0.000000  76.199997  19.400000  11.300000 

 54471.000000  999999.000000  999999.000000  999999.000000  999999.000000  2013.000000  8.000000  26.000000  1.000000  0.000000  0.000000  2225.000000  2.000000  100.000000  0.000000  130.000000  48.000000  85.000000  151.000000  0.000000  116.000000  135.000000  1.000000  0.000000  0.000000  0.000000  9.830000  11.990000  177.935898  0.000000  0.000000  0.000000  0.000000  0.000000  0.000000  1053.020020  0.000000  54.450001  52.130001  0.000000  360.000000  0.000000  35.000000  24.700001  21.400000 

 54497.000000  40.049999  124.330002  13.900000  999999.000000  2013.000000  8.000000  26.000000  1.000000  0.000000  0.000000  2225.000000  2.000000  100.000000  0.000000  130.000000  50.000000  65.000000  197.000000  0.000000  134.000000  146.000000  1.000000  0.000000  0.000000  0.000000  1.000000  11.160000  177.935898  2.660000  0.039000  2.057000  0.000000  0.000000  0.000000  1008.469971  0.000000  58.090000  3.060000  0.000000  360.000000  0.000000  85.699997  49.099998  40.400002 

 54499.000000  40.220001  116.220001  76.199997  999999.000000  2013.000000  8.000000  26.000000  1.000000  0.000000  0.000000  2225.000000  2.000000  100.000000  0.000000  130.000000  54.000000  130.000000  203.000000  0.000000  83.000000  149.000000  1.000000  0.000000  0.000000  0.000000  9.790000  11.160000  170.503006  0.000000  0.000000  0.000000  0.000000  0.000000  0.000000  1013.679993  0.000000  35.750000  31.129999  0.000000  360.000000  0.000000  21.400000  9.000000  6.400000 

 54500.000000  39.130001  115.800003  999999.000000  999999.000000  2013.000000  8.000000  26.000000  1.000000  0.000000  0.000000  2225.000000  2.000000  100.000000  0.000000  130.000000  43.000000  140.000000  200.000000  0.000000  128.000000  154.000000  1.000000  0.000000  0.000000  0.000000  9.790000  11.160000  180.995499  2.660000  0.039000  2.275000  0.000000  0.000000  0.000000  1007.570007  0.000000  55.360001  33.040001  0.000000  360.000000  0.000000  133.699997  110.900002  99.800003 

 54517.000000  39.070000  112.199997  2.200000  999999.000000  2013.000000  8.000000  26.000000  1.000000  0.000000  0.000000  2225.000000  999999.000000  999999.000000  999999.000000  999999.000000  999999.000000  999999.000000  999999.000000  999999.000000  999999.000000  999999.000000  999999.000000  999999.000000  999999.000000  999999.000000  999999.000000  999999.000000  999999.000000  999999.000000  999999.000000  999999.000000  999999.000000  999999.000000  999999.000000  999999.000000  999999.000000  999999.000000  999999.000000  999999.000000  999999.000000  999999.000000  999999.000000  52.700001  999999.000000 

 54523.000000  39.400002  117.019997  4.500000  999999.000000  2013.000000  8.000000  26.000000  1.000000  0.000000  0.000000  2225.000000  999999.000000  999999.000000  999999.000000  999999.000000  999999.000000  999999.000000  999999.000000  999999.000000  999999.000000  999999.000000  999999.000000  999999.000000  999999.000000  999999.000000  999999.000000  999999.000000  999999.000000  999999.000000  999999.000000  999999.000000  999999.000000  999999.000000  999999.000000  999999.000000  999999.000000  999999.000000  999999.000000  999999.000000  999999.000000  999999.000000  999999.000000  89.900002  999999.000000 

 54568.000000  39.049999  121.750000  90.800003  999999.000000  2013.000000  8.000000  26.000000  1.000000  0.000000  0.000000  2225.000000  2.000000  100.000000  1.000000  130.000000  50.000000  79.000000  149.000000  0.000000  142.000000  140.000000  1.000000  0.000000  0.000000  0.000000  9.730000  10.330000  181.159393  0.000000  0.000000  0.000000  0.000000  0.000000  0.000000  1057.939941  0.000000  57.599998  53.209999  0.000000  360.000000  0.000000  84.800003  66.300003  57.900002 

 54619.000000  38.919998  116.919998  5.500000  999999.000000  2013.000000  8.000000  26.000000  1.000000  0.000000  0.000000  2225.000000  999999.000000  999999.000000  999999.000000  999999.000000  999999.000000  999999.000000  999999.000000  999999.000000  999999.000000  999999.000000  999999.000000  999999.000000  999999.000000  999999.000000  999999.000000  999999.000000  999999.000000  999999.000000  999999.000000  999999.000000  999999.000000  999999.000000  999999.000000  999999.000000  999999.000000  999999.000000  999999.000000  999999.000000  999999.000000  999999.000000  999999.000000  23.799999  999999.000000 

 54645.000000  38.830002  117.470001  2.200000  999999.000000  2013.000000  8.000000  26.000000  1.000000  0.000000  0.000000  2225.000000  999999.000000  999999.000000  999999.000000  999999.000000  999999.000000  999999.000000  999999.000000  999999.000000  999999.000000  999999.000000  999999.000000  999999.000000  999999.000000  999999.000000  999999.000000  999999.000000  999999.000000  999999.000000  999999.000000  999999.000000  999999.000000  999999.000000  999999.000000  999999.000000  999999.000000  999999.000000  999999.000000  999999.000000  999999.000000  999999.000000  999999.000000  109.500000  999999.000000 

 54823.000000  36.599998  117.050003  169.199997  999999.000000  2013.000000  8.000000  26.000000  1.000000  0.000000  0.000000  2225.000000  2.000000  100.000000  1.000000  130.000000  44.000000  74.000000  149.000000  0.000000  85.000000  152.000000  1.000000  0.000000  0.000000  0.000000  9.750000  11.860000  176.366806  0.000000  0.000000  0.000000  0.000000  0.000000  0.000000  1029.949951  0.000000  39.490002  57.889999  0.000000  360.000000  0.000000  23.200001  16.900000  14.200000 

 54857.000000  36.070000  120.330002  77.199997  999999.000000  2013.000000  8.000000  26.000000  1.000000  0.000000  0.000000  2225.000000  2.000000  100.000000  0.000000  130.000000  54.000000  199.000000  190.000000  0.000000  255.000000  140.000000  1.000000  0.000000  0.000000  0.000000  9.790000  11.160000  217.627899  2.660000  0.039000  2.773000  0.000000  0.000000  0.000000  1015.979980  0.000000  111.059998  27.500000  0.000000  360.000000  0.000000  53.099998  38.099998  31.799999 

 55591.000000  29.670000  91.129997  3648.899902  999999.000000  2013.000000  8.000000  26.000000  1.000000  0.000000  0.000000  2225.000000  2.000000  100.000000  8.000000  130.000000  51.000000  10.000000  149.000000  0.000000  171.000000  103.000000  1.000000  0.185100  296.700012  0.000000  10.000000  10.000000  176.366806  2.660000  0.003000  2.043000  0.000000  0.000000  0.000000  669.640015  0.000000  66.959999  13.930000  0.190000  63.299999  0.000000  23.799999  10.900000  8.500000 

 56294.000000  30.650000  104.040001  587.000000  999999.000000  2013.000000  8.000000  26.000000  1.000000  0.000000  0.000000  2225.000000  2.000000  100.000000  0.000000  130.000000  39.000000  198.000000  185.000000  0.000000  205.000000  135.000000  1.000000  0.000000  0.000000  0.000000  9.790000  11.160000  179.533203  2.660000  0.039000  2.045000  0.000000  0.000000  0.000000  933.770020  0.000000  89.260002  25.870001  0.000000  360.000000  0.000000  80.900002  57.900002  48.799999 

 56449.000000  28.020000  99.730003  5580.000000  999999.000000  2013.000000  8.000000  26.000000  1.000000  0.000000  0.000000  2225.000000  2.000000  100.000000  0.000000  130.000000  44.000000  129.000000  159.000000  0.000000  197.000000  100.000000  1.000000  0.000000  0.000000  0.000000  9.790000  11.160000  177.935898  2.660000  0.039000  2.322000  0.000000  0.000000  0.000000  695.460022  0.000000  85.550003  12.200000  0.000000  360.000000  0.000000  8.300000  7.300000  6.700000 

 56778.000000  25.000000  102.650002  1888.099976  999999.000000  2013.000000  8.000000  26.000000  1.000000  0.000000  0.000000  2225.000000  2.000000  100.000000  0.000000  130.000000  54.000000  138.000000  123.000000  0.000000  145.000000  120.000000  1.000000  0.000000  0.000000  0.000000  9.830000  11.800000  176.366806  0.000000  0.000000  0.000000  0.000000  0.000000  0.000000  849.109985  0.000000  66.839996  46.080002  0.000000  360.000000  0.000000  15.400000  15.100000  14.500000 

 57083.000000  34.779999  113.680000  99.000000  999999.000000  2013.000000  8.000000  26.000000  1.000000  0.000000  0.000000  2225.000000  2.000000  100.000000  0.000000  130.000000  47.000000  209.000000  200.000000  0.000000  20.000000  149.000000  1.000000  0.000000  333.200012  0.000000  9.790000  11.160000  177.935898  2.660000  0.039000  2.237000  0.000000  0.000000  0.000000  997.289978  0.000000  8.390000  31.040001  0.000000  26.799999  0.000000  82.500000  54.400002  48.799999 

 57131.000000  34.430000  108.970001  410.000000  999999.000000  2013.000000  8.000000  26.000000  1.000000  0.000000  0.000000  2225.000000  2.000000  100.000000  0.000000  130.000000  45.000000  84.000000  205.000000  36.000000  0.000000  138.000000  1.000000  0.000000  0.000000  0.000000  9.760000  11.620000  172.000000  0.000000  0.000000  0.000000  0.000000  0.000000  0.000000  1382.380005  36.000000  0.000000  52.799999  0.000000  360.000000  0.000000  206.800003  206.399994  204.899994 

 57377.000000  30.980000  112.220001  191.899994  999999.000000  2013.000000  8.000000  26.000000  1.000000  0.000000  0.000000  2225.000000  2.000000  100.000000  0.000000  130.000000  76.000000  84.000000  202.000000  0.000000  25.000000  144.000000  1.000000  0.000000  0.000000  0.000000  9.780000  11.110000  176.366806  2.662000  0.037000  2.318000  0.000000  0.000000  0.000000  987.989990  0.000000  10.660000  28.980000  0.000000  360.000000  0.000000  0.000000  0.000000  0.000000 

 57516.000000  29.580000  106.470001  259.100006  999999.000000  2013.000000  8.000000  26.000000  1.000000  0.000000  0.000000  2225.000000  2.000000  100.000000  0.000000  130.000000  45.000000  3.000000  147.000000  0.000000  143.000000  149.000000  1.000000  0.000000  0.000000  0.000000  9.790000  11.650000  177.777802  0.000000  0.000000  0.000000  0.000000  0.000000  0.000000  1024.310059  0.000000  65.419998  57.080002  0.000000  360.000000  0.000000  34.599998  33.599998  32.200001 

 57596.000000  29.629999  114.199997  752.299988  999999.000000  2013.000000  8.000000  26.000000  1.000000  0.000000  0.000000  2225.000000  2.000000  100.000000  0.000000  130.000000  46.000000  193.000000  191.000000  0.000000  0.000000  137.000000  1.000000  0.000000  0.000000  0.000000  9.810000  11.160000  177.935898  0.000000  0.000000  0.000000  0.000000  0.000000  0.000000  1331.040039  0.000000  0.000000  52.590000  0.000000  360.000000  0.000000  31.500000  31.299999  30.700001 

 57687.000000  28.219999  112.919998  68.000000  999999.000000  2013.000000  8.000000  26.000000  1.000000  0.000000  0.000000  2225.000000  2.000000  100.000000  0.000000  130.000000  45.000000  71.000000  150.000000  0.000000  186.000000  135.000000  1.000000  0.000000  0.000000  0.000000  9.750000  11.730000  176.366806  0.000000  0.000000  0.000000  0.000000  0.000000  0.000000  1036.839966  0.000000  85.449997  51.700001  0.000000  360.000000  0.000000  59.000000  47.900002  43.799999 

 57816.000000  26.580000  106.730003  1223.800049  999999.000000  2013.000000  8.000000  26.000000  1.000000  0.000000  0.000000  2225.000000  2.000000  100.000000  0.000000  130.000000  44.000000  20.000000  132.000000  0.000000  172.000000  124.000000  1.000000  0.000000  0.000000  0.000000  9.840000  11.800000  177.777802  0.000000  0.000000  0.000000  0.000000  0.000000  0.000000  920.140015  0.000000  79.629997  47.660000  0.000000  360.000000  0.000000  29.100000  20.799999  17.799999 

 58238.000000  31.920000  118.879997  35.200001  999999.000000  2013.000000  8.000000  26.000000  1.000000  0.000000  0.000000  2225.000000  999999.000000  999999.000000  999999.000000  999999.000000  999999.000000  999999.000000  999999.000000  999999.000000  999999.000000  999999.000000  999999.000000  999999.000000  999999.000000  999999.000000  999999.000000  999999.000000  999999.000000  999999.000000  999999.000000  999999.000000  999999.000000  999999.000000  999999.000000  999999.000000  999999.000000  999999.000000  999999.000000  999999.000000  999999.000000  999999.000000  28.200001  18.900000  18.600000 

 58321.000000  32.450001  117.470001  29.000000  999999.000000  2013.000000  8.000000  26.000000  1.000000  0.000000  0.000000  2225.000000  2.000000  100.000000  0.000000  130.000000  43.000000  146.000000  150.000000  0.000000  208.000000  135.000000  1.000000  0.000000  0.000000  0.000000  9.760000  11.680000  177.777802  0.000000  0.000000  0.000000  0.000000  0.000000  0.000000  1045.140015  0.000000  94.900002  51.750000  0.000000  360.000000  0.000000  41.900002  41.299999  40.599998 

 58354.000000  31.600000  120.349998  3.200000  999999.000000  2013.000000  8.000000  26.000000  1.000000  0.000000  0.000000  2225.000000  999999.000000  999999.000000  999999.000000  999999.000000  999999.000000  999999.000000  999999.000000  999999.000000  999999.000000  999999.000000  999999.000000  999999.000000  999999.000000  999999.000000  999999.000000  999999.000000  999999.000000  999999.000000  999999.000000  999999.000000  999999.000000  999999.000000  999999.000000  999999.000000  999999.000000  999999.000000  999999.000000  999999.000000  999999.000000  999999.000000  51.200001  28.100000  999999.000000 

 58356.000000  31.400000  121.000000  3.200000  999999.000000  2013.000000  8.000000  26.000000  1.000000  0.000000  0.000000  2225.000000  999999.000000  999999.000000  999999.000000  999999.000000  999999.000000  999999.000000  999999.000000  999999.000000  999999.000000  999999.000000  999999.000000  999999.000000  999999.000000  999999.000000  999999.000000  999999.000000  999999.000000  999999.000000  999999.000000  999999.000000  999999.000000  999999.000000  999999.000000  999999.000000  999999.000000  999999.000000  999999.000000  999999.000000  999999.000000  999999.000000  62.700001  38.900002  23.000000 

 58357.000000  31.180000  120.370003  50.000000  999999.000000  2013.000000  8.000000  26.000000  1.000000  0.000000  0.000000  2225.000000  999999.000000  999999.000000  999999.000000  999999.000000  999999.000000  999999.000000  999999.000000  999999.000000  999999.000000  999999.000000  999999.000000  999999.000000  999999.000000  999999.000000  999999.000000  999999.000000  999999.000000  999999.000000  999999.000000  999999.000000  999999.000000  999999.000000  999999.000000  999999.000000  999999.000000  999999.000000  999999.000000  999999.000000  999999.000000  999999.000000  -4.300000  -11.200000  999999.000000 

 58362.000000  31.379999  121.430000  20.500000  999999.000000  2013.000000  8.000000  26.000000  1.000000  0.000000  0.000000  2225.000000  999999.000000  999999.000000  999999.000000  999999.000000  999999.000000  999999.000000  999999.000000  999999.000000  999999.000000  999999.000000  999999.000000  999999.000000  999999.000000  999999.000000  999999.000000  999999.000000  999999.000000  999999.000000  999999.000000  999999.000000  999999.000000  999999.000000  999999.000000  999999.000000  999999.000000  999999.000000  999999.000000  999999.000000  999999.000000  999999.000000  38.599998  22.299999  999999.000000 

 58363.000000  31.510000  121.800003  11.900000  999999.000000  2013.000000  8.000000  26.000000  1.000000  0.000000  0.000000  2225.000000  2.000000  100.000000  0.000000  130.000000  50.000000  7.000000  214.000000  0.000000  0.000000  137.000000  1.000000  999999.000000  999999.000000  999999.000000  9.810000  10.540000  182.648407  2.625000  0.081000  2.764000  999999.000000  999999.000000  999999.000000  1364.452026  999999.000000  26.843399  -0.853700  999999.000000  999999.000000  999999.000000  8.040000  8.020000  7.960000 

 58367.000000  31.180000  121.430000  50.000000  999999.000000  2013.000000  8.000000  26.000000  1.000000  0.000000  0.000000  2225.000000  999999.000000  999999.000000  999999.000000  999999.000000  999999.000000  999999.000000  999999.000000  999999.000000  999999.000000  999999.000000  999999.000000  999999.000000  999999.000000  999999.000000  999999.000000  999999.000000  999999.000000  999999.000000  999999.000000  999999.000000  999999.000000  999999.000000  999999.000000  999999.000000  999999.000000  999999.000000  999999.000000  999999.000000  999999.000000  999999.000000  39.099998  30.000000  999999.000000 

 58370.000000  31.219999  121.550003  19.400000  999999.000000  2013.000000  8.000000  26.000000  1.000000  0.000000  0.000000  2225.000000  2.000000  100.000000  0.000000  130.000000  43.000000  2.000000  196.000000  0.000000  0.000000  146.000000  1.000000  999999.000000  999999.000000  999999.000000  9.500000  11.000000  176.399994  2.800000  0.039000  1.900000  999999.000000  999999.000000  999999.000000  1346.152466  999999.000000  27.765200  -0.429000  999999.000000  999999.000000  999999.000000  15.000000  10.300000  8.100000 

 58377.000000  31.469999  121.099998  2.400000  999999.000000  2013.000000  8.000000  26.000000  1.000000  0.000000  0.000000  2225.000000  999999.000000  999999.000000  999999.000000  999999.000000  999999.000000  999999.000000  999999.000000  999999.000000  999999.000000  999999.000000  999999.000000  999999.000000  999999.000000  999999.000000  999999.000000  999999.000000  999999.000000  999999.000000  999999.000000  999999.000000  999999.000000  999999.000000  999999.000000  999999.000000  999999.000000  999999.000000  999999.000000  999999.000000  999999.000000  999999.000000  54.599998  28.299999  33.599998 

 58457.000000  30.230000  120.169998  41.700001  999999.000000  2013.000000  8.000000  26.000000  1.000000  0.000000  0.000000  2225.000000  999999.000000  999999.000000  999999.000000  999999.000000  999999.000000  999999.000000  999999.000000  999999.000000  999999.000000  999999.000000  999999.000000  999999.000000  999999.000000  999999.000000  999999.000000  999999.000000  999999.000000  999999.000000  999999.000000  999999.000000  999999.000000  999999.000000  999999.000000  999999.000000  999999.000000  999999.000000  999999.000000  999999.000000  999999.000000  999999.000000  45.599998  22.600000  21.600000 

 58460.000000  30.730000  121.330002  10.200000  999999.000000  2013.000000  8.000000  26.000000  1.000000  0.000000  0.000000  2225.000000  999999.000000  999999.000000  999999.000000  999999.000000  999999.000000  999999.000000  999999.000000  999999.000000  999999.000000  999999.000000  999999.000000  999999.000000  999999.000000  999999.000000  999999.000000  999999.000000  999999.000000  999999.000000  999999.000000  999999.000000  999999.000000  999999.000000  999999.000000  999999.000000  999999.000000  999999.000000  999999.000000  999999.000000  999999.000000  999999.000000  31.700001  23.600000  999999.000000 

 58477.000000  999999.000000  999999.000000  999999.000000  999999.000000  2013.000000  8.000000  26.000000  1.000000  0.000000  0.000000  2225.000000  2.000000  100.000000  0.000000  130.000000  45.000000  218.000000  149.000000  0.000000  177.000000  146.000000  1.000000  0.000000  0.000000  0.000000  9.810000  11.910000  176.366806  0.000000  0.000000  0.000000  0.000000  0.000000  0.000000  1000.640015  0.000000  82.089996  29.090000  0.000000  360.000000  0.000000  22.900000  15.500000  11.700000 

 58542.000000  29.799999  119.650002  45.400002  999999.000000  2013.000000  8.000000  26.000000  1.000000  0.000000  0.000000  2225.000000  999999.000000  999999.000000  999999.000000  999999.000000  999999.000000  999999.000000  999999.000000  999999.000000  999999.000000  999999.000000  999999.000000  999999.000000  999999.000000  999999.000000  999999.000000  999999.000000  999999.000000  999999.000000  999999.000000  999999.000000  999999.000000  999999.000000  999999.000000  999999.000000  999999.000000  999999.000000  999999.000000  999999.000000  999999.000000  999999.000000  41.099998  23.600000  20.700001 

 58543.000000  29.600000  119.019997  171.399994  999999.000000  2013.000000  8.000000  26.000000  1.000000  0.000000  0.000000  2225.000000  999999.000000  999999.000000  999999.000000  999999.000000  999999.000000  999999.000000  999999.000000  999999.000000  999999.000000  999999.000000  999999.000000  999999.000000  999999.000000  999999.000000  999999.000000  999999.000000  999999.000000  999999.000000  999999.000000  999999.000000  999999.000000  999999.000000  999999.000000  999999.000000  999999.000000  999999.000000  999999.000000  999999.000000  999999.000000  999999.000000  34.500000  12.700000  19.100000 

 58544.000000  29.469999  119.269997  88.900002  999999.000000  2013.000000  8.000000  26.000000  1.000000  0.000000  0.000000  2225.000000  999999.000000  999999.000000  999999.000000  999999.000000  999999.000000  999999.000000  999999.000000  999999.000000  999999.000000  999999.000000  999999.000000  999999.000000  999999.000000  999999.000000  999999.000000  999999.000000  999999.000000  999999.000000  999999.000000  999999.000000  999999.000000  999999.000000  999999.000000  999999.000000  999999.000000  999999.000000  999999.000000  999999.000000  999999.000000  999999.000000  58.900002  35.700001  36.099998 

 58562.000000  29.780001  121.550003  4.000000  999999.000000  2013.000000  8.000000  26.000000  1.000000  0.000000  0.000000  2225.000000  2.000000  100.000000  0.000000  130.000000  41.000000  14.000000  150.000000  0.000000  146.000000  153.000000  1.000000  0.000000  0.000000  0.000000  9.810000  10.330000  179.533203  0.000000  0.000000  0.000000  0.000000  0.000000  0.000000  1055.459961  0.000000  58.910000  58.730000  0.000000  360.000000  0.000000  43.099998  30.400000  24.900000 

 58563.000000  29.870001  121.820000  5.000000  999999.000000  2013.000000  8.000000  26.000000  1.000000  0.000000  0.000000  2225.000000  2.000000  100.000000  1.000000  130.000000  42.000000  199.000000  150.000000  0.000000  158.000000  152.000000  1.000000  0.000000  0.000000  0.000000  9.370000  10.370000  177.935898  0.000000  0.000000  0.000000  0.000000  0.000000  0.000000  999.229980  0.000000  63.540001  31.879999  0.000000  360.000000  0.000000  15.600000  12.500000  11.200000 

 58606.000000  28.600000  115.919998  46.000000  999999.000000  2013.000000  8.000000  26.000000  1.000000  0.000000  0.000000  2225.000000  2.000000  100.000000  0.000000  130.000000  44.000000  12.000000  149.000000  0.000000  137.000000  151.000000  1.000000  0.000000  0.000000  0.000000  9.810000  11.680000  182.648407  0.000000  0.000000  0.000000  0.000000  0.000000  0.000000  1066.640015  0.000000  62.730000  58.150002  0.000000  360.000000  0.000000  12.900000  12.700000  12.000000 

 58656.000000  999999.000000  999999.000000  999999.000000  999999.000000  2013.000000  8.000000  26.000000  1.000000  0.000000  0.000000  2225.000000  1.000000  100.000000  0.000000  130.000000  46.000000  144.000000  150.000000  0.000000  145.000000  149.000000  1.000000  0.000000  0.000000  0.000000  8.870000  11.480000  179.372192  0.000000  0.000000  0.000000  0.000000  0.000000  0.000000  999.799988  0.000000  64.349998  29.450001  0.000000  360.000000  0.000000  139.399994  38.900002  15.000000 

 58658.000000  28.090000  120.410004  34.299999  999999.000000  2013.000000  8.000000  26.000000  1.000000  0.000000  0.000000  2225.000000  2.000000  100.000000  0.000000  130.000000  47.000000  17.000000  199.000000  0.000000  143.000000  155.000000  1.000000  0.000000  0.000000  0.000000  9.210000  10.600000  174.825195  0.000000  0.000000  0.000000  0.000000  0.000000  0.000000  1009.690002  0.000000  58.820000  32.770000  0.000000  360.000000  0.000000  18.000000  13.700000  12.500000 

 58659.000000  999999.000000  999999.000000  999999.000000  999999.000000  2013.000000  8.000000  26.000000  1.000000  0.000000  0.000000  2225.000000  2.000000  100.000000  0.000000  130.000000  43.000000  217.000000  150.000000  0.000000  151.000000  161.000000  1.000000  0.000000  0.000000  0.000000  9.790000  10.340000  180.995499  0.000000  0.000000  0.000000  0.000000  0.000000  0.000000  996.679993  0.000000  60.740002  33.570000  0.000000  360.000000  0.000000  28.200001  19.200001  15.800000 

 58667.000000  999999.000000  999999.000000  999999.000000  999999.000000  2013.000000  8.000000  26.000000  1.000000  0.000000  0.000000  2225.000000  2.000000  100.000000  0.000000  130.000000  47.000000  193.000000  149.000000  0.000000  143.000000  155.000000  1.000000  0.000000  0.000000  0.000000  9.870000  11.790000  176.366806  0.000000  0.000000  0.000000  0.000000  0.000000  0.000000  994.109985  0.000000  65.400002  33.009998  0.000000  360.000000  0.000000  34.000000  23.900000  18.100000 

 58752.000000  27.780001  120.650002  39.700001  999999.000000  2013.000000  8.000000  26.000000  1.000000  0.000000  0.000000  2225.000000  2.000000  100.000000  0.000000  130.000000  47.000000  78.000000  197.000000  0.000000  133.000000  159.000000  1.000000  0.000000  0.000000  0.000000  9.810000  10.340000  177.935898  0.000000  0.000000  0.000000  0.000000  0.000000  0.000000  1007.840027  0.000000  53.549999  34.799999  0.000000  360.000000  0.000000  21.000000  15.800000  13.800000 

 58940.000000  26.080000  119.330002  32.000000  999999.000000  2013.000000  8.000000  26.000000  1.000000  0.000000  0.000000  2225.000000  2.000000  100.000000  0.000000  130.000000  45.000000  198.000000  150.000000  0.000000  127.000000  153.000000  1.000000  0.000000  0.000000  0.000000  9.760000  11.700000  176.366806  0.000000  0.000000  0.000000  0.000000  0.000000  0.000000  1036.839966  0.000000  58.389999  58.430000  0.000000  360.000000  0.000000  37.000000  27.200001  21.600000 

 59134.000000  24.480000  118.070000  140.000000  999999.000000  2013.000000  8.000000  26.000000  1.000000  0.000000  0.000000  2225.000000  2.000000  100.000000  0.000000  130.000000  44.000000  215.000000  148.000000  0.000000  127.000000  153.000000  1.000000  0.000000  0.000000  0.000000  9.740000  11.650000  176.366806  0.000000  0.000000  0.000000  0.000000  0.000000  0.000000  1023.070007  0.000000  58.139999  58.310001  0.000000  360.000000  0.000000  64.000000  39.700001  32.000000 

 59287.000000  23.219999  113.349998  70.699997  999999.000000  2013.000000  8.000000  26.000000  1.000000  0.000000  0.000000  2225.000000  2.000000  100.000000  0.000000  130.000000  49.000000  13.000000  194.000000  0.000000  140.000000  155.000000  1.000000  0.000000  0.000000  0.000000  9.740000  11.700000  177.935898  0.000000  0.000000  0.000000  0.000000  0.000000  0.000000  1353.630005  0.000000  64.330002  59.259998  0.000000  360.000000  0.000000  35.000000  21.100000  13.100000 

 59288.000000  23.000000  113.099998  50.000000  999999.000000  2013.000000  8.000000  26.000000  1.000000  0.000000  0.000000  2225.000000  999999.000000  999999.000000  999999.000000  999999.000000  999999.000000  999999.000000  999999.000000  999999.000000  999999.000000  999999.000000  999999.000000  999999.000000  999999.000000  999999.000000  999999.000000  999999.000000  999999.000000  999999.000000  999999.000000  999999.000000  999999.000000  999999.000000  999999.000000  999999.000000  999999.000000  999999.000000  999999.000000  999999.000000  999999.000000  999999.000000  999999.000000  999999.000000  78.300003 

 59289.000000  22.969999  113.730003  56.000000  999999.000000  2013.000000  8.000000  26.000000  1.000000  0.000000  0.000000  2225.000000  2.000000  100.000000  0.000000  130.000000  56.000000  216.000000  205.000000  0.000000  172.000000  151.000000  1.000000  0.000000  0.000000  0.000000  999999.000000  999999.000000  999999.000000  999999.000000  999999.000000  0.000000  0.000000  0.000000  0.000000  999999.000000  0.000000  999999.000000  999999.000000  0.000000  360.000000  0.000000  22.400000  18.600000  17.200001 

 59431.000000  22.820000  108.349998  173.000000  999999.000000  2013.000000  8.000000  26.000000  1.000000  0.000000  0.000000  2225.000000  2.000000  100.000000  0.000000  130.000000  52.000000  203.000000  203.000000  0.000000  195.000000  153.000000  1.000000  0.000000  0.000000  0.000000  9.790000  11.160000  177.935898  2.660000  0.039000  2.322000  0.000000  0.000000  0.000000  1003.020020  0.000000  84.570000  32.560001  0.000000  360.000000  0.000000  36.700001  27.100000  23.100000 

 59481.000000  23.000000  113.349998  140.000000  999999.000000  2013.000000  8.000000  26.000000  1.000000  0.000000  0.000000  2225.000000  2.000000  100.000000  0.000000  130.000000  49.000000  4.000000  219.000000  0.000000  172.000000  154.000000  1.000000  0.000000  0.000000  0.000000  9.790000  11.160000  179.533203  2.660000  0.039000  2.045000  0.000000  0.000000  0.000000  1173.959961  0.000000  74.870003  33.040001  0.000000  360.000000  0.000000  63.099998  42.799999  32.900002 

 59493.000000  22.530001  114.000000  64.099998  999999.000000  2013.000000  8.000000  26.000000  1.000000  0.000000  0.000000  2225.000000  2.000000  100.000000  0.000000  130.000000  49.000000  156.000000  212.000000  0.000000  160.000000  157.000000  1.000000  0.000000  0.000000  0.000000  9.790000  11.160000  173.310196  0.000000  0.000000  0.000000  0.000000  0.000000  0.000000  1440.300049  0.000000  69.750000  60.139999  0.000000  360.000000  0.000000  21.200001  13.400000  8.000000 

 59758.000000  20.000000  110.419998  63.500000  999999.000000  2013.000000  8.000000  26.000000  1.000000  0.000000  0.000000  2225.000000  2.000000  100.000000  0.000000  130.000000  41.000000  140.000000  150.000000  0.000000  158.000000  153.000000  1.000000  0.000000  0.000000  0.000000  9.770000  11.640000  176.366806  0.000000  0.000000  0.000000  0.000000  0.000000  0.000000  1036.839966  0.000000  72.180000  58.490002  0.000000  360.000000  0.000000  18.500000  10.600000  7.300000 

 59948.000000  18.219999  109.529999  35.000000  999999.000000  2013.000000  8.000000  26.000000  1.000000  0.000000  0.000000  2225.000000  2.000000  100.000000  0.000000  130.000000  48.000000  70.000000  150.000000  0.000000  144.000000  151.000000  1.000000  0.000000  0.000000  0.000000  9.760000  11.760000  176.366806  0.000000  0.000000  0.000000  0.000000  0.000000  0.000000  1036.839966  0.000000  66.150002  57.849998  0.000000  360.000000  0.000000  27.600000  18.799999  13.000000 

 99115.000000  31.080000  121.180000  115.500000  999999.000000  2013.000000  8.000000  26.000000  1.000000  0.000000  0.000000  2225.000000  999999.000000  999999.000000  999999.000000  999999.000000  999999.000000  999999.000000  999999.000000  999999.000000  999999.000000  999999.000000  999999.000000  999999.000000  999999.000000  999999.000000  999999.000000  999999.000000  999999.000000  999999.000000  999999.000000  999999.000000  999999.000000  999999.000000  999999.000000  999999.000000  999999.000000  999999.000000  999999.000000  999999.000000  999999.000000  999999.000000  38.799999  26.799999  999999.000000 

 651077.000000  39.980000  116.279999  45.799999  999999.000000  2013.000000  8.000000  26.000000  1.000000  0.000000  0.000000  2225.000000  999999.000000  999999.000000  999999.000000  999999.000000  999999.000000  999999.000000  999999.000000  999999.000000  999999.000000  999999.000000  999999.000000  999999.000000  999999.000000  999999.000000  999999.000000  999999.000000  999999.000000  999999.000000  999999.000000  999999.000000  999999.000000  999999.000000  999999.000000  999999.000000  999999.000000  999999.000000  999999.000000  999999.000000  999999.000000  999999.000000  999999.000000  26.379999  999999.000000 

 651470.000000  40.400002  115.849998  480.000000  999999.000000  2013.000000  8.000000  26.000000  1.000000  0.000000  0.000000  2225.000000  999999.000000  999999.000000  999999.000000  999999.000000  999999.000000  999999.000000  999999.000000  999999.000000  999999.000000  999999.000000  999999.000000  999999.000000  999999.000000  999999.000000  999999.000000  999999.000000  999999.000000  999999.000000  999999.000000  999999.000000  999999.000000  999999.000000  999999.000000  999999.000000  999999.000000  999999.000000  999999.000000  999999.000000  999999.000000  999999.000000  999999.000000  31.500000  67.000000 

 711053.000000  23.120001  113.279999  105.000000  999999.000000  2013.000000  8.000000  26.000000  1.000000  0.000000  0.000000  2225.000000  2.000000  100.000000  0.000000  130.000000  45.000000  2.000000  194.000000  0.000000  147.000000  153.000000  1.000000  0.000000  0.000000  0.000000  9.930000  10.280000  182.648407  2.650000  0.044000  2.057000  0.000000  0.000000  0.000000  1013.780029  0.000000  58.580002  33.130001  0.000000  360.000000  0.000000  13.600000  11.600000  9.300000 

 711092.000000  22.930000  113.320000  12.300000  999999.000000  2013.000000  8.000000  26.000000  1.000000  0.000000  0.000000  2225.000000  2.000000  100.000000  0.000000  130.000000  53.000000  65.000000  151.000000  0.000000  172.000000  150.000000  1.000000  0.000000  0.000000  0.000000  9.830000  11.660000  498.753113  0.000000  0.000000  0.000000  0.000000  0.000000  0.000000  2951.610107  0.000000  78.680000  57.790001  0.000000  360.000000  0.000000  27.000000  22.600000  17.900000 

 713408.000000  23.100000  113.320000  454.000000  999999.000000  2013.000000  8.000000  26.000000  1.000000  0.000000  0.000000  2225.000000  2.000000  100.000000  0.000000  130.000000  48.000000  195.000000  203.000000  0.000000  178.000000  143.000000  1.000000  0.000000  0.000000  0.000000  9.740000  10.550000  176.366806  2.672000  0.073000  2.530000  0.000000  0.000000  0.000000  957.489990  0.000000  72.589996  28.670000  0.000000  360.000000  0.000000  18.200001  13.900000  11.300000 

 751447.000000  999999.000000  999999.000000  999999.000000  999999.000000  2013.000000  8.000000  26.000000  1.000000  0.000000  0.000000  2225.000000  999999.000000  999999.000000  999999.000000  999999.000000  999999.000000  999999.000000  999999.000000  999999.000000  999999.000000  999999.000000  999999.000000  999999.000000  999999.000000  999999.000000  999999.000000  999999.000000  999999.000000  999999.000000  999999.000000  999999.000000  999999.000000  999999.000000  999999.000000  999999.000000  999999.000000  999999.000000  999999.000000  999999.000000  999999.000000  999999.000000  999999.000000  999999.000000  999999.000000 

 751448.000000  30.299999  119.750000  138.600006  999999.000000  2013.000000  8.000000  26.000000  1.000000  0.000000  0.000000  2225.000000  999999.000000  999999.000000  999999.000000  999999.000000  999999.000000  999999.000000  999999.000000  999999.000000  999999.000000  999999.000000  999999.000000  999999.000000  999999.000000  999999.000000  999999.000000  999999.000000  999999.000000  999999.000000  999999.000000  999999.000000  999999.000000  999999.000000  999999.000000  999999.000000  999999.000000  999999.000000  999999.000000  999999.000000  999999.000000  999999.000000  27.200001  12.300000  3.000000 

 759400.000000  28.450001  119.919998  59.599998  999999.000000  2013.000000  8.000000  26.000000  1.000000  0.000000  0.000000  2225.000000  2.000000  100.000000  0.000000  130.000000  51.000000  4.000000  151.000000  0.000000  122.000000  160.000000  1.000000  0.000000  0.000000  0.000000  9.730000  10.520000  179.533203  0.000000  0.000000  0.000000  0.000000  0.000000  0.000000  994.150024  0.000000  49.380001  35.369999  0.000000  360.000000  0.000000  19.799999  19.200001  18.700001 

 759407.000000  28.129999  120.279999  57.799999  999999.000000  2013.000000  8.000000  26.000000  1.000000  0.000000  0.000000  2225.000000  2.000000  100.000000  0.000000  130.000000  48.000000  16.000000  149.000000  0.000000  177.000000  142.000000  1.000000  0.000000  0.000000  0.000000  10.000000  10.510000  177.935898  0.000000  0.000000  0.000000  0.000000  0.000000  0.000000  991.510010  0.000000  72.150002  28.920000  0.000000  360.000000  0.000000  13.500000  10.900000  9.400000 

 759408.000000  999999.000000  999999.000000  999999.000000  999999.000000  2013.000000  8.000000  26.000000  1.000000  0.000000  0.000000  2225.000000  2.000000  100.000000  0.000000  130.000000  44.000000  1.000000  148.000000  0.000000  132.000000  154.000000  1.000000  0.000000  0.000000  0.000000  9.740000  11.650000  179.533203  0.000000  0.000000  0.000000  0.000000  0.000000  0.000000  981.909973  0.000000  59.619999  32.689999  0.000000  360.000000  0.000000  19.200001  10.100000  7.300000 

 779011.000000  32.070000  118.769997  38.000000  999999.000000  2013.000000  8.000000  26.000000  1.000000  0.000000  0.000000  2225.000000  999999.000000  999999.000000  999999.000000  999999.000000  999999.000000  999999.000000  999999.000000  999999.000000  999999.000000  999999.000000  999999.000000  999999.000000  999999.000000  999999.000000  999999.000000  999999.000000  999999.000000  999999.000000  999999.000000  999999.000000  999999.000000  999999.000000  999999.000000  999999.000000  999999.000000  999999.000000  999999.000000  999999.000000  999999.000000  999999.000000  33.500000  25.000000  999999.000000 

 895068.000000  43.779999  87.629997  941.299988  999999.000000  2013.000000  8.000000  26.000000  1.000000  0.000000  0.000000  2225.000000  2.000000  100.000000  0.000000  130.000000  49.000000  12.000000  188.000000  0.000000  171.000000  111.000000  1.000000  0.000000  0.000000  0.000000  9.780000  10.610000  181.159393  2.535000  0.015000  2.297000  0.000000  0.000000  0.000000  917.799988  0.000000  70.919998  17.900000  0.000000  360.000000  0.000000  19.600000  9.200000  7.400000 

 909736.000000  29.170000  111.709999  565.000000  999999.000000  2013.000000  8.000000  26.000000  1.000000  0.000000  0.000000  2225.000000  2.000000  100.000000  0.000000  130.000000  44.000000  199.000000  141.000000  0.000000  68.000000  125.000000  1.000000  0.000000  0.000000  0.000000  9.760000  11.260000  179.372192  0.000000  0.000000  0.000000  0.000000  0.000000  0.000000  991.450012  0.000000  30.020000  47.750000  0.000000  360.000000  0.000000  74.099998  70.800003  56.200001 

